SIZES
  narena                14680064
  nbuffer               735616
  nplugin               0
  maxuse_stack          4000
  maxuse_arena          29568
  maxuse_con            2
  maxuse_efc            8
  solver_nisland        1
  ne                    0
  nf                    0
  nl                    0
  nefc                  4
  nnzJ                  48
  ncon                  1
  nisland               0
  threadpool            0

TIMER
    0:  duration =  0.72       number = 20
    1:  duration =  0.69       number = 20
    2:  duration =  0          number = 0
    3:  duration =  0.54       number = 20
    4:  duration =  0.026      number = 20
    5:  duration =  0.0072     number = 20
    6:  duration =  0.079      number = 20
    7:  duration =  0.019      number = 20
    8:  duration =  0.04       number = 20
    9:  duration =  0.02       number = 20
    10:  duration =  0.43       number = 20
    11:  duration =  0.041      number = 20
    12:  duration =  0.0011     number = 20
    13:  duration =  0.064      number = 20
    14:  duration =  0.053      number = 20

SOLVER STAT
  solver_nisland = 1
  solver_fwdinv =   0         0       
  ISLAND 0
    solver_niter = 1
    solver_nnz = 144
      0:  improvement =  0.0077      gradient =  9.9e-16     lineslope =  0       
          nactive = 4   nchange = 0   neval = 2   nupdate = 0

ENERGY =   0         0       

TIME =  60      

QPOS
   11      
   0.74    
   0.72    
   1       
   0.012   
  -0.015   
   0.079   
  -0.079   
   0.21    
   0.47    
  -0.02    
  -0.35    
  -0.65    

QVEL
   0.17    
   0.0051  
   0.069   
   0.18    
  -0.079   
   0.076   
  -0.17    
   0.58    
   0.18    
   0.22    
  -0.4     
  -2.7     

QACC_WARMSTART
  -2.4     
  -0.87    
   4.6     
  -11      
  -12      
  -2.6     
   18      
  -2.1     
  -33      
   9.6     
   7.5     
   34      

CTRL
   29      
   10      
  -57      
  -0.66    
  -1.2     
  -0.17    

QFRC_APPLIED
   0       
   0       
   0       
   0       
   0       
   0       
   0       
   0       
   0       
   0       
   0       
   0       

XFRC_APPLIED
   0         0         0         0         0         0       
   0         0         0         0         0         0       
   0         0         0         0         0         0       
   0         0         0         0         0         0       
   0         0         0         0         0         0       
   0         0         0         0         0         0       
   0         0         0         0         0         0       
   0         0         0         0         0         0       

QACC
  -2.4     
  -0.87    
   4.6     
  -11      
  -12      
  -2.6     
   18      
  -2.1     
  -33      
   9.6     
   7.5     
   34      

SENSOR
   1       
   0.012   
  -0.015   
   0.079   
   0.19    
  -0.066   
   0.078   
  -2       
  -0.16    
   14      
  -0.079   
   0.21    
   0.46    
  -0.02    
  -0.35    
  -0.65    

XPOS
   0         0         0       
   11        0.74      0.72    
   11        0.86      0.47    
   11        0.87      0.46    
   11        0.81      0.24    
   11        0.66      0.46    
   11        0.62      0.46    
   11        0.61      0.26    

XQUAT
   1         0         0         0       
   1         0.012    -0.015     0.079   
   1        -0.027    -0.018     0.078   
   0.99     -0.035     0.087     0.075   
   0.99     -0.017    -0.14      0.081   
   1         0.0024   -0.016     0.079   
   0.98     -0.011     0.16      0.078   
   0.98      0.014    -0.17      0.078   

XMAT
   1         0         0         0         1         0         0         0         1       
   0.99     -0.16     -0.029     0.16      0.99     -0.027     0.033     0.022     1       
   0.99     -0.16     -0.041     0.16      0.99      0.05      0.033    -0.056     1       
   0.97     -0.16      0.17      0.14      0.99      0.082    -0.18     -0.056     0.98    
   0.95     -0.16     -0.29      0.16      0.99      0.0096    0.28     -0.056     0.96    
   0.99     -0.16     -0.032     0.16      0.99     -0.0074    0.033     0.0023    1       
   0.94     -0.16      0.31      0.15      0.99      0.046    -0.31      0.0023    0.95    
   0.93     -0.16     -0.32      0.15      0.99     -0.054     0.33      0.0023    0.94    

XIPOS
   0         0         0       
   11        0.76      0.56    
   11        0.9       0.46    
   11        0.82      0.43    
   11        0.82      0.17    
   11        0.6       0.46    
   11        0.66      0.43    
   11        0.62      0.2     

XIMAT
   1         0         0         0         1         0         0         0         1       
   0.87     -0.16     -0.47      0.14      0.99     -0.085     0.48      0.0083    0.88    
   0.23     -0.054     0.97      0.97      0.067    -0.23     -0.053     1         0.069   
   0.35     -0.62      0.7       0.86      0.5       0.013    -0.36      0.6       0.72    
  -0.17     -0.63     -0.76      0.98     -0.17     -0.085    -0.075    -0.76      0.65    
  -0.52     -0.039     0.85      0.85     -0.028     0.52      0.003     1         0.048   
  -0.56     -0.35      0.75      0.74     -0.63      0.25      0.38      0.69      0.61    
  -0.14     -0.61     -0.78      0.99     -0.067    -0.12      0.022    -0.79      0.61    

XANCHOR
   11        0.74      0.72    
   11        0.86      0.47    
   11        0.87      0.46    
   11        0.81      0.24    
   11        0.66      0.46    
   11        0.62      0.46    
   11        0.61      0.26    

XAXIS
   0         0         1       
   0.99      0.16      0.033   
  -0.16      0.99     -0.056   
   0.16     -0.99      0.056   
   0.99      0.16      0.033   
   0.16     -0.99     -0.0023  
  -0.16      0.99      0.0023  

GEOM_XPOS
   0         0         0       
   11        0.75      0.6     
   11        0.75      0.65    
   11        0.9       0.47    
   11        0.85      0.46    
   11        0.82      0.41    
   11        0.83      0.34    
   11        0.82      0.16    
   11        0.82      0.14    
   11        0.83      0.032   
   11        0.83      0.029   
   11        0.6       0.46    
   11        0.64      0.46    
   11        0.65      0.41    
   11        0.63      0.36    
   11        0.62      0.19    
   11        0.63      0.17    
   11        0.65      0.066   
   11        0.65      0.062   

GEOM_XMAT
   1         0         0         0         1         0         0         0         1       
   0.8      -0.15     -0.58      0.11      0.99     -0.093     0.58      0.0089    0.81    
   0.99     -0.16     -0.029     0.16      0.99     -0.027     0.033     0.022     1       
   0.42     -0.13      0.9       0.91      0.13     -0.4      -0.061     0.98      0.17    
   0.99     -0.041     0.16      0.16      0.051    -0.99      0.033     1         0.057   
   0.71     -0.16      0.69      0.18      0.98      0.041    -0.68      0.096     0.73    
   0.75     -0.16      0.64      0.082     0.99      0.14     -0.65     -0.056     0.76    
  -0.15     -0.65     -0.75      0.99     -0.14     -0.08     -0.051    -0.75      0.66    
   0.66     -0.16     -0.74      0.15      0.99     -0.078     0.74     -0.056     0.67    
  -0.18     -0.85     -0.49      0.98     -0.19     -0.028    -0.068    -0.49      0.87    
   0.95     -0.16     -0.29      0.16      0.99      0.0096    0.28     -0.056     0.96    
  -0.7      -0.1       0.71      0.72     -0.095     0.69     -0.0044    0.99      0.14    
   0.99     -0.032     0.16      0.16     -0.0066   -0.99      0.033     1        -0.0015  
   0.64     -0.16      0.75     -0.015     0.97      0.23     -0.77     -0.16      0.62    
   0.66     -0.16      0.74      0.11      0.99      0.12     -0.75      0.0023    0.66    
  -0.17     -0.61     -0.78      0.99     -0.11     -0.12     -0.0084   -0.79      0.62    
   0.63     -0.16     -0.76      0.098     0.99     -0.12      0.77      0.0023    0.63    
  -0.18     -0.83     -0.53      0.98     -0.16     -0.086    -0.011    -0.54      0.84    
   0.93     -0.16     -0.32      0.15      0.99     -0.054     0.33      0.0023    0.94    

SITE_XPOS
   11        0.74      0.72    

SITE_XMAT
   0.99     -0.16     -0.029     0.16      0.99     -0.027     0.033     0.022     1       

CAM_XPOS
   11       -1.6       1.5     

CAM_XMAT
   1         0         0         0         0.71     -0.71      0         0.71      0.71    

LIGHT_XPOS
   0         0         10      

LIGHT_XDIR
   0         0        -1       

SUBTREE_COM
   11        0.75      0.49    
   11        0.75      0.49    
   11        0.84      0.41    
   11        0.82      0.38    
   11        0.82      0.17    
   11        0.64      0.41    
   11        0.66      0.39    
   11        0.62      0.2     

CDOF
   0         0         0         1         0         0       
   0         0         0         0         1         0       
   0         0         0         0         0         1       
   0.99      0.16      0.033    -0.037     0.23      0.004   
  -0.16      0.99      0.022    -0.23     -0.037    -0.0043  
  -0.029    -0.027     1         0.0017   -0.0031   -3.6e-05 
   0.99      0.16      0.033     0.0073   -0.024    -0.11    
  -0.16      0.99     -0.056     0.019     0.002    -0.017   
   0.16     -0.99      0.056    -0.25     -0.027     0.21    
   0.99      0.16      0.033     0.0012   -0.029     0.1     
   0.16     -0.99     -0.0023   -0.029    -0.0047    0.017   
  -0.16      0.99      0.0023    0.23      0.037    -0.24    

CINERT
   0         0         0         0         0         0         0         0         0         0       
   0.19      0.18      0.12      0.001    -0.0024    3.7e-05   0.44      0.068     0.68      9.6     
   0.035     0.0052    0.036     0.0076   -0.0014    0.0058   -0.05      0.22     -0.039     1.5     
   0.032     0.04      0.033     0.01     -0.019     0.0088   -0.15      0.16     -0.13      2.3     
   0.06      0.072     0.018     0.0055   -0.024     0.012    -0.083     0.038    -0.17      0.55    
   0.035     0.0037    0.034     0.0024    0.00054  -0.0063    0.02     -0.22     -0.043     1.5     
   0.036     0.034     0.036    -0.013    -0.015    -0.014    -0.1      -0.19     -0.14      2.3     
   0.057     0.062     0.023    -0.011    -0.021    -0.02     -0.08     -0.071    -0.16      0.55    

ACTUATOR_LENGTH
  -0.079   
   0.21    
   0.46    
  -0.02    
  -0.35    
  -0.65    

ACTUATOR_MOMENT
   0         0         0         0         0         0         1         0         0         0         0         0       
   0         0         0         0         0         0         0         1         0         0         0         0       
   0         0         0         0         0         0         0         0         1         0         0         0       
   0         0         0         0         0         0         0         0         0         1         0         0       
   0         0         0         0         0         0         0         0         0         0         1         0       
   0         0         0         0         0         0         0         0         0         0         0         1       

CRB
   0         0         0         0         0         0         0         0         0         0       
   0.44      0.4       0.3       0.0033   -0.083    -0.014    -1.3e-14  -1.1e-15   1e-15     18      
   0.13      0.12      0.087     0.023    -0.045     0.027    -0.28      0.41     -0.35      4.3     
   0.091     0.11      0.051     0.016    -0.043     0.021    -0.23      0.2      -0.31      2.8     
   0.06      0.072     0.018     0.0055   -0.024     0.012    -0.083     0.038    -0.17      0.55    
   0.13      0.1       0.094    -0.021    -0.036    -0.041    -0.16     -0.48     -0.34      4.3     
   0.093     0.097     0.06     -0.023    -0.037    -0.035    -0.18     -0.26     -0.29      2.8     
   0.057     0.062     0.023    -0.011    -0.021    -0.02     -0.08     -0.071    -0.16      0.55    

QM
   18        0         0        -0.67     -4.2       0.03     -0.036    -0.24      0.034    -0.032     0.21     -0.033   
   0         18        0         4.2      -0.67     -0.056     0.23     -0.029     0.0077    0.2       0.033    -0.0051  
   0         0         18        0.074    -0.079    -0.00066  -0.009     0.15      0.04     -0.0036   -0.17     -0.042   
  -0.67      4.2       0.074     1.4      -0.0055   -0.1       0.13      0.019     0.0049    0.11      0.018     0.0041  
  -4.2      -0.67     -0.079    -0.0055    1.4      -0.0077   -0.003     0.15     -0.018    -0.00062  -0.14      0.015   
   0.03     -0.056    -0.00066  -0.1      -0.0077    0.31     -0.036     0.017    -0.0032   -0.036     0.023    -0.0038  
  -0.036     0.23     -0.009     0.13     -0.003    -0.036     0.079    -0.00011   6.9e-05   0         0         0       
  -0.24     -0.029     0.15      0.019     0.15      0.017    -0.00011   0.098    -0.0096    0         0         0       
   0.034     0.0077    0.04      0.0049   -0.018    -0.0032    6.9e-05  -0.0096    0.019     0         0         0       
  -0.032     0.2      -0.0036    0.11     -0.00062  -0.036     0         0         0         0.066    -0.00012   7.2e-05 
   0.21      0.033    -0.17      0.018    -0.14      0.023     0         0         0        -0.00012   0.092    -0.0067  
  -0.033    -0.0051   -0.042     0.0041    0.015    -0.0038    0         0         0         7.2e-05  -0.0067    0.019   

QLD
   3.6      -0.035    -0.078    -0.55     -3.7      -0.057    -0.46     -2.4       1.8      -0.48      2.2      -1.7     
  -0.035     4.7      -0.03      3.4      -0.59      0.6       2.9      -0.27      0.4       3.1       0.35     -0.26    
  -0.078    -0.03      17        0.089    -0.58      0.032    -0.11      1.8       2.1      -0.055    -2.1      -2.2     
  -0.55      3.4       0.089     1        -0.0032    0.039     1.6       0.23      0.25      1.7       0.21      0.21    
  -3.7      -0.59     -0.58     -0.0032    0.94     -0.0046   -0.035     1.5      -0.94     -0.012    -1.5       0.76    
  -0.057     0.6       0.032     0.039    -0.0046    0.26     -0.46      0.17     -0.16     -0.55      0.24     -0.2     
  -0.46      2.9      -0.11      1.6      -0.035    -0.46      0.079    -0.00078   0.0036    0         0         0       
  -2.4      -0.27      1.8       0.23      1.5       0.17     -0.00078   0.093    -0.5       0         0         0       
   1.8       0.4       2.1       0.25     -0.94     -0.16      0.0036   -0.5       0.019     0         0         0       
  -0.48      3.1      -0.055     1.7      -0.012    -0.55      0         0         0         0.066    -0.0011    0.0037  
   2.2       0.35     -2.1       0.21     -1.5       0.24      0         0         0        -0.0011    0.09     -0.35    
  -1.7      -0.26     -2.2       0.21      0.76     -0.2       0         0         0         0.0037   -0.35      0.019   

QLDIAGINV
   0.28    
   0.21    
   0.059   
   0.97    
   1.1     
   3.8     
   13      
   11      
   52      
   15      
   11      
   52      

QLDIAGSQRTINV
   0.52    
   0.46    
   0.24    
   0.99    
   1       
   2       
   3.6     
   3.3     
   7.2     
   3.9     
   3.3     
   7.2     

D_rownnz              12 12 12 12 12 12 9 9 9 9 9 9

D_rowadr              0 12 24 36 48 60 72 81 90 99 108 117

D_colind              0 1 2 3 4 5 6 7 8 9 10 11 0 1 2 3 4 5 6 7 8 9 10 11 0 1 2 3 4 5 6 7 8 9 10 11 0 1 2 3 4 5 6 7 8 9 10 11 0 1 2 3 4 5 6 7 8 9 10 11 0 1 2 3 4 5 6 7 8 9 10 11 0 1 2 3 4 5 6 7 8 0 1 2 3 4 5 6 7 8 0 1 2 3 4 5 6 7 8 0 1 2 3 4 5 9 10 11 0 1 2 3 4 5 9 10 11 0 1 2 3 4 5 9 10 11

B_rownnz              12 12 9 9 9 9 9 9

B_rowadr              0 12 24 33 42 51 60 69

B_colind              0 1 2 3 4 5 6 7 8 9 10 11 0 1 2 3 4 5 6 7 8 9 10 11 0 1 2 3 4 5 6 7 8 0 1 2 3 4 5 6 7 8 0 1 2 3 4 5 6 7 8 0 1 2 3 4 5 9 10 11 0 1 2 3 4 5 9 10 11 0 1 2 3 4 5 9 10 11

QDERIV
   0         0         0         0         0         0         0         0         0         0         0         0       
   0         0         0         0         0         0         0         0         0         0         0         0       
   0         0         0         0         0         0         0         0         0         0         0         0       
   0         0         0         0         0         0         0         0         0         0         0         0       
   0         0         0         0         0         0         0         0         0         0         0         0       
   0         0         0         0         0         0         0         0         0         0         0         0       
   0         0         0         0         0         0         0         0         0         0         0         0       
   0         0         0         0         0         0         0         0         0         0         0         0       
   0         0         0         0         0         0         0         0         0         0         0         0       
   0         0         0         0         0         0         0         0         0         0         0         0       
   0         0         0         0         0         0         0         0         0         0         0         0       
   0         0         0         0         0         0         0         0         0         0         0         0       

QLU
   0         0         0         0         0         0         0         0         0         0         0         0       
   0         0         0         0         0         0         0         0         0         0         0         0       
   0         0         0         0         0         0         0         0         0         0         0         0       
   0         0         0         0         0         0         0         0         0         0         0         0       
   0         0         0         0         0         0         0         0         0         0         0         0       
   0         0         0         0         0         0         0         0         0         0         0         0       
   0         0         0         0         0         0         0         0         0         0         0         0       
   0         0         0         0         0         0         0         0         0         0         0         0       
   0         0         0         0         0         0         0         0         0         0         0         0       
   0         0         0         0         0         0         0         0         0         0         0         0       
   0         0         0         0         0         0         0         0         0         0         0         0       
   0         0         0         0         0         0         0         0         0         0         0         0       

CONTACT
  0:
     dim           3
     geoms         floor : foot_L_collision
     exclude       0
     efc_address   0
     solref         0.02      1       
     solimp         0.9       0.95      0.001     0.5       2       
     dist          -0.0034  
     includemargin  0.001   
     pos            11        0.83     -0.0017  
     frame          0         0         1         0         1         0        -1         0         0       
     friction       0.6       0.6       0.005     0.0001    0.0001  
     mu             0.6     

EFC_TYPE
  6
  6
  6
  6

EFC_ID
  0
  0
  0
  0

EFC_J
   0         0.6       1         0.51     -0.078    -0.017     0.25     -0.067     0.25      0         0         0       
   0        -0.6       1        -0.34      0.059     0.012    -0.3       0.021     0.19      0         0         0       
  -0.6       0         1         0.16      0.42      0.038     0.019     0.25      0.077     0         0         0       
   0.6       0         1         0.016    -0.44     -0.043    -0.068    -0.3       0.36      0         0         0       

EFC_POS
  -0.0034  
  -0.0034  
  -0.0034  
  -0.0034  

EFC_MARGIN
   0.001   
   0.001   
   0.001   
   0.001   

EFC_FRICTIONLOSS
   0       
   0       
   0       
   0       

EFC_DIAGAPPROX
   0.86    
   0.86    
   0.86    
   0.86    

EFC_KBIP
   2.8e+03   1.1e+02   0.95      0       
   2.8e+03   1.1e+02   0.95      0       
   2.8e+03   1.1e+02   0.95      0       
   2.8e+03   1.1e+02   0.95      0       

EFC_D
   22      
   22      
   22      
   22      

EFC_R
   0.045   
   0.045   
   0.045   
   0.045   

ACTUATOR_VELOCITY
  -0.19    
   0.58    
   0.21    
   0.21    
  -0.41    
  -2.8     

CVEL
   0         0         0         0         0         0       
   0.19     -0.038     0.083     0.18      0.051     0.065   
   0.01     -0.067     0.077     0.18      0.056     0.085   
  -0.08      0.51      0.044     0.19      0.057     0.075   
  -0.047     0.29      0.056     0.14      0.051     0.12    
   0.4      -0.0051    0.089     0.18      0.045     0.086   
   0.33      0.4       0.09      0.2       0.047     0.079   
   0.77     -2.3       0.084    -0.43     -0.054     0.74    

CDOF_DOT
   0         0         0         0         0         0       
   0         0         0         0         0         0       
   0         0         0         0         0         0       
   0         0         0        -0.0098    0.057     0.022   
   0        -0         0        -0.063    -0.014     0.17    
   0        -0         0         0.0077   -0.18     -0.0046  
  -0.014     0.075     0.068    -0.0025    0.079    -0.026   
  -0.072    -0.011    -0.00038  -0.086    -0.0012    0.19    
   0.072     0.011     0.00038   0.18      0.0067   -0.074   
  -0.014     0.075     0.068    -0.01      0.038    -0.027   
   0.088     0.015    -0.39      0.086     0.0046   -0.19    
  -0.088    -0.015     0.39     -0.18      0.088     0.12    

QFRC_BIAS
  -0.22    
  -0.18    
   1.8e+02 
   0.63    
  -0.61    
  -0.011   
  -0.094   
   1.5     
   0.39    
  -0.07    
  -1.8     
  -0.41    

QFRC_SPRING
   0       
   0       
   0       
   0       
   0       
   0       
   0       
   0       
   0       
   0       
   0       
   0       

QFRC_DAMPER
   0       
   0       
   0       
   0       
   0       
   0       
   0.0019  
  -0.0058  
  -0.0021  
  -0.0021  
   0.0041  
   0.028   

QFRC_GRAVCOMP
   0       
   0       
   0       
   0       
   0       
   0       
   0       
   0       
   0       
   0       
   0       
   0       

QFRC_FLUID
   0       
   0       
   0       
   0       
   0       
   0       
   0       
   0       
   0       
   0       
   0       
   0       

QFRC_PASSIVE
   0       
   0       
   0       
   0       
   0       
   0       
   0.0019  
  -0.0058  
  -0.0021  
  -0.0021  
   0.0041  
   0.028   

EFC_VEL
   0.13    
   0.1     
   0.12    
   0.11    

EFC_AREF
  -2.6     
   0.89    
  -1.3     
  -0.39    

SUBTREE_LINVEL
   0         0         0       
   0         0         0       
   0         0         0       
   0         0         0       
   0         0         0       
   0         0         0       
   0         0         0       
   0         0         0       

SUBTREE_ANGMOM
   0         0         0       
   0         0         0       
   0         0         0       
   0         0         0       
   0         0         0       
   0         0         0       
   0         0         0       
   0         0         0       

ACTUATOR_FORCE
   29      
   10      
  -57      
  -0.62    
  -1.2     
  -0.16    

QFRC_ACTUATOR
   0       
   0       
   0       
   0       
   0       
   0       
   29      
   10      
  -57      
  -0.62    
  -1.2     
  -0.16    

QFRC_SMOOTH
   0.22    
   0.18    
  -1.8e+02 
  -0.63    
   0.61    
   0.011   
   29      
   8.7     
  -58      
  -0.55    
   0.64    
   0.28    

QACC_SMOOTH
  -7.8     
   2.3     
  -2.2     
  -39      
  -51      
   26      
   4.3e+02 
  -1.4e+02 
  -3.1e+03 
   59      
  -55      
   30      

EFC_B
  -6.5e+02 
  -7e+02   
  -2.9e+02 
  -1.1e+03 

EFC_FORCE
   26      
   1e+02   
   52      
   77      

EFC_STATE
  1
  1
  1
  1

QFRC_CONSTRAINT
   15      
  -46      
   2.6e+02 
  -13      
  -8.1     
  -0.54    
  -29      
  -9.4     
   57      
   0       
   0       
   0       

QFRC_INVERSE
   0       
   0       
   0       
   0       
   0       
   0       
   0       
   0       
   0       
   0       
   0       
   0       

CACC
   0         0         0        -0        -0         9.8     
  -8.5      -14       -3.2       0.91     -2.9       14      
   9.7      -11       -2.6       1        -3.3       12      
   10       -13       -2.5       0.95     -3.3       13      
   4.8       20       -4.4       9.2      -2.4       5.6     
   0.98     -12       -2.9       0.92     -3.1       15      
   2.1      -20       -2.7       0.66     -3.2       16      
  -2.9       14       -3.7       8.8      -2.2       7.2     

CFRC_INT
  -1.3e-14  -6.2e-15  -4.4e-16   8.9e-15  -2.8e-14   0       
  -1.3e-14  -6.2e-15  -4.4e-16   8.9e-15  -2.8e-14   0       
   6.4       7.6       0.51     -6.4       36       -2.1e+02 
   3.5       7         0.74     -8.9       40       -2.3e+02 
   1.8       5.7       0.79     -13        46       -2.5e+02 
  -7.7       0.74      1.2       7        -13        62      
  -4.2       1.1       1.1       5.8      -8.3       39      
  -1.2       0.29      0.46      2        -1.5       5.6     

CFRC_EXT
   0         0         0         0         0         0       
   0         0         0         0         0         0       
   0         0         0         0         0         0       
   0         0         0         0         0         0       
  -1.5      -5.5      -0.89      15       -46        2.6e+02 
   0         0         0         0         0         0       
   0         0         0         0         0         0       
   0         0         0         0         0         0       

